
:html_theme.sidebar_secondary.remove:

.. py:currentmodule:: cantera


.. DO NOT EDIT.
.. THIS FILE WAS AUTOMATICALLY GENERATED BY SPHINX-GALLERY.
.. TO MAKE CHANGES, EDIT THE SOURCE PYTHON FILE:
.. "examples/python/reactors/1D_pfr_surfchem.py"
.. LINE NUMBERS ARE GIVEN BELOW.

.. only:: html

    .. note::
        :class: sphx-glr-download-link-note

        :ref:`Go to the end <sphx_glr_download_examples_python_reactors_1D_pfr_surfchem.py>`
        to download the full example code.

.. rst-class:: sphx-glr-example-title

.. _sphx_glr_examples_python_reactors_1D_pfr_surfchem.py:


Plug flow reactor: silicon nitride deposition
=============================================

A 1-D steady state plug-flow reactor demonstrating silicon nitride (Si3N4) deposition
from ammonia (NH3) and silicon tetrafluoride (SiF4).

Assumes a constant temperature, frictionless, cylindrical reactor.

Based off the Jupyter notebook created by Yuanjie Jiang, which corresponds to the
original example from:

    R.S. Larson. "PLUG: A FORTRAN program for the analysis of PLUG flow reactors with
    gas-phase and surface chemistry", Sandia Report SAND-96-8211, 1996.
    https://doi.org/10.2172/204257

The results are somewhat different from those in the Larson report in part due to the
fact that this example does not include the frictional pressure drop.

Requires: cantera >= 3.2, matplotlib >= 2.0

.. tags:: Python, catalysis, plug flow reactor, reactor network, surface chemistry

.. GENERATED FROM PYTHON SOURCE LINES 24-129



.. image-sg:: /examples/python/reactors/images/sphx_glr_1D_pfr_surfchem_001.png
   :alt: Gas properties, Gas phase major species, Surface species, Gas phase minor species, Bulk deposition
   :srcset: /examples/python/reactors/images/sphx_glr_1D_pfr_surfchem_001.png, /examples/python/reactors/images/sphx_glr_1D_pfr_surfchem_001_2_00x.png 2.00x
   :class: sphx-glr-single-img


.. rst-class:: sphx-glr-script-out

 .. code-block:: none

    0.0 [1. 0. 0. 0. 0. 0.]
    1e-14 [6.24965089e-02 9.15639902e-01 3.13856066e-04 2.08266599e-02
     2.41024213e-04 4.82048426e-04]
    2e-14 [6.24965089e-02 9.15639902e-01 3.13856066e-04 2.08266599e-02
     2.41024213e-04 4.82048426e-04]
    4e-14 [6.24965089e-02 9.15639902e-01 3.13856066e-04 2.08266599e-02
     2.41024213e-04 4.82048426e-04]
    8e-14 [6.24965089e-02 9.15639902e-01 3.13856066e-04 2.08266599e-02
     2.41024213e-04 4.82048426e-04]
    1.6e-13 [6.24965089e-02 9.15639902e-01 3.13856066e-04 2.08266599e-02
     2.41024213e-04 4.82048426e-04]
    3.2e-13 [6.24965089e-02 9.15639902e-01 3.13856066e-04 2.08266599e-02
     2.41024213e-04 4.82048426e-04]
    6.4e-13 [6.24965089e-02 9.15639902e-01 3.13856066e-04 2.08266599e-02
     2.41024213e-04 4.82048426e-04]
    1.28e-12 [6.24965089e-02 9.15639902e-01 3.13856066e-04 2.08266599e-02
     2.41024213e-04 4.82048426e-04]
    2.56e-12 [6.24965089e-02 9.15639902e-01 3.13856066e-04 2.08266599e-02
     2.41024213e-04 4.82048426e-04]
    5.12e-12 [6.24965089e-02 9.15639902e-01 3.13856066e-04 2.08266599e-02
     2.41024213e-04 4.82048426e-04]
    1.024e-11 [6.24965089e-02 9.15639902e-01 3.13856066e-04 2.08266599e-02
     2.41024213e-04 4.82048426e-04]
    2.048e-11 [6.24965089e-02 9.15639902e-01 3.13856066e-04 2.08266599e-02
     2.41024213e-04 4.82048426e-04]
    4.096e-11 [6.24965089e-02 9.15639902e-01 3.13856066e-04 2.08266599e-02
     2.41024213e-04 4.82048426e-04]
    8.192e-11 [6.24965089e-02 9.15639902e-01 3.13856066e-04 2.08266599e-02
     2.41024213e-04 4.82048426e-04]
    1.6384e-10 [6.24965089e-02 9.15639902e-01 3.13856066e-04 2.08266599e-02
     2.41024213e-04 4.82048426e-04]
    3.2768e-10 [6.24965089e-02 9.15639902e-01 3.13856066e-04 2.08266599e-02
     2.41024213e-04 4.82048426e-04]
    6.5536e-10 [6.24965089e-02 9.15639903e-01 3.13856065e-04 2.08266599e-02
     2.41024213e-04 4.82048426e-04]
    1.31072e-09 [6.24965088e-02 9.15639903e-01 3.13856065e-04 2.08266599e-02
     2.41024213e-04 4.82048425e-04]
    2.62144e-09 [6.24965087e-02 9.15639903e-01 3.13856064e-04 2.08266599e-02
     2.41024212e-04 4.82048425e-04]
    5.24288e-09 [6.24965085e-02 9.15639903e-01 3.13856063e-04 2.08266598e-02
     2.41024212e-04 4.82048424e-04]
    1.048576e-08 [6.24965081e-02 9.15639903e-01 3.13856059e-04 2.08266597e-02
     2.41024211e-04 4.82048422e-04]
    2.097152e-08 [6.24965074e-02 9.15639905e-01 3.13856053e-04 2.08266594e-02
     2.41024209e-04 4.82048418e-04]
    4.194304e-08 [6.24965058e-02 9.15639907e-01 3.13856040e-04 2.08266589e-02
     2.41024205e-04 4.82048410e-04]
    8.388608e-08 [6.24965027e-02 9.15639911e-01 3.13856014e-04 2.08266579e-02
     2.41024197e-04 4.82048395e-04]
    1.2582912e-07 [6.24964996e-02 9.15639915e-01 3.13855988e-04 2.08266568e-02
     2.41024190e-04 4.82048379e-04]
    1.6777216e-07 [6.24964964e-02 9.15639919e-01 3.13855963e-04 2.08266558e-02
     2.41024182e-04 4.82048364e-04]
    2.5165824e-07 [6.24964902e-02 9.15639928e-01 3.13855911e-04 2.08266537e-02
     2.41024166e-04 4.82048333e-04]
    3.3554432e-07 [6.24964839e-02 9.15639936e-01 3.13855859e-04 2.08266516e-02
     2.41024151e-04 4.82048301e-04]
    5.0331648e-07 [6.24964714e-02 9.15639953e-01 3.13855756e-04 2.08266475e-02
     2.41024120e-04 4.82048239e-04]
    6.7108864e-07 [6.24964590e-02 9.15639970e-01 3.13855653e-04 2.08266433e-02
     2.41024089e-04 4.82048177e-04]
    1.00663296e-06 [6.24964340e-02 9.15640004e-01 3.13855447e-04 2.08266350e-02
     2.41024026e-04 4.82048053e-04]
    1.6777216e-06 [6.24963840e-02 9.15640071e-01 3.13855034e-04 2.08266183e-02
     2.41023902e-04 4.82047804e-04]
    3.01989888e-06 [6.24962841e-02 9.15640206e-01 3.13854208e-04 2.08265850e-02
     2.41023653e-04 4.82047306e-04]
    5.704253439999999e-06 [6.24960842e-02 9.15640475e-01 3.13852556e-04 2.08265184e-02
     2.41023156e-04 4.82046311e-04]
    8.388608e-06 [6.24958844e-02 9.15640745e-01 3.13850905e-04 2.08264518e-02
     2.41022658e-04 4.82045316e-04]
    1.107296256e-05 [6.24956846e-02 9.15641014e-01 3.13849253e-04 2.08263852e-02
     2.41022161e-04 4.82044321e-04]
    1.375731712e-05 [6.24954847e-02 9.15641284e-01 3.13847602e-04 2.08263186e-02
     2.41021663e-04 4.82043326e-04]
    1.912602624e-05 [6.24950850e-02 9.15641823e-01 3.13844299e-04 2.08261854e-02
     2.41020668e-04 4.82041336e-04]
    2.449473536e-05 [6.24946853e-02 9.15642362e-01 3.13840996e-04 2.08260522e-02
     2.41019673e-04 4.82039346e-04]
    2.986344448e-05 [6.24942857e-02 9.15642902e-01 3.13837693e-04 2.08259191e-02
     2.41018678e-04 4.82037356e-04]
    3.52321536e-05 [6.24938860e-02 9.15643441e-01 3.13834391e-04 2.08257859e-02
     2.41017683e-04 4.82035366e-04]
    4.596957184e-05 [6.24930866e-02 9.15644519e-01 3.13827785e-04 2.08255195e-02
     2.41015693e-04 4.82031386e-04]
    5.4870728526960826e-05 [6.24924240e-02 9.15645413e-01 3.13822310e-04 2.08252987e-02
     2.41014043e-04 4.82028087e-04]
    6.377188521392165e-05 [6.24917614e-02 9.15646307e-01 3.13816834e-04 2.08250778e-02
     2.41012394e-04 4.82024788e-04]
    7.267304190088248e-05 [6.24910987e-02 9.15647201e-01 3.13811359e-04 2.08248570e-02
     2.41010744e-04 4.82021489e-04]
    8.15741985878433e-05 [6.24904361e-02 9.15648094e-01 3.13805884e-04 2.08246362e-02
     2.41009095e-04 4.82018190e-04]
    9.047535527480413e-05 [6.24897735e-02 9.15648988e-01 3.13800409e-04 2.08244154e-02
     2.41007445e-04 4.82014891e-04]
    0.00010827766864872576 [6.24884483e-02 9.15650776e-01 3.13789459e-04 2.08239738e-02
     2.41004147e-04 4.82008293e-04]
    0.00012607998202264741 [6.24871232e-02 9.15652564e-01 3.13778510e-04 2.08235322e-02
     2.41000848e-04 4.82001696e-04]
    0.00014388229539656907 [6.24857980e-02 9.15654351e-01 3.13767562e-04 2.08230906e-02
     2.40997550e-04 4.81995099e-04]
    0.00016168460877049072 [6.24844729e-02 9.15656139e-01 3.13756614e-04 2.08226490e-02
     2.40994251e-04 4.81988503e-04]
    0.00017948692214441237 [6.24831479e-02 9.15657926e-01 3.13745666e-04 2.08222074e-02
     2.40990953e-04 4.81981907e-04]
    0.00019728923551833402 [6.24818228e-02 9.15659714e-01 3.13734719e-04 2.08217659e-02
     2.40987655e-04 4.81975311e-04]
    0.00023289386226617732 [6.24791728e-02 9.15663288e-01 3.13712827e-04 2.08208828e-02
     2.40981060e-04 4.81962120e-04]
    0.0002578948426625719 [6.24773121e-02 9.15665798e-01 3.13697456e-04 2.08202627e-02
     2.40976429e-04 4.81952859e-04]
    0.00028289582305896643 [6.24754514e-02 9.15668308e-01 3.13682086e-04 2.08196426e-02
     2.40971799e-04 4.81943598e-04]
    0.000307896803455361 [6.24735909e-02 9.15670818e-01 3.13666718e-04 2.08190226e-02
     2.40967169e-04 4.81934338e-04]
    0.00033289778385175555 [6.24717303e-02 9.15673328e-01 3.13651350e-04 2.08184026e-02
     2.40962539e-04 4.81925078e-04]
    0.0003578987642481501 [6.24698698e-02 9.15675838e-01 3.13635983e-04 2.08177826e-02
     2.40957910e-04 4.81915819e-04]
    0.00038289974464454467 [6.24680094e-02 9.15678348e-01 3.13620618e-04 2.08171626e-02
     2.40953281e-04 4.81906561e-04]
    0.00040790072504093923 [6.24661490e-02 9.15680857e-01 3.13605253e-04 2.08165427e-02
     2.40948652e-04 4.81897304e-04]
    0.0004329017054373338 [6.24642887e-02 9.15683367e-01 3.13589890e-04 2.08159227e-02
     2.40944023e-04 4.81888047e-04]
    0.00045790268583372834 [6.24624285e-02 9.15685876e-01 3.13574527e-04 2.08153028e-02
     2.40939395e-04 4.81878791e-04]
    0.0004829036662301229 [6.24605683e-02 9.15688385e-01 3.13559166e-04 2.08146829e-02
     2.40934768e-04 4.81869535e-04]
    0.0005079046466265175 [6.24587082e-02 9.15690895e-01 3.13543806e-04 2.08140630e-02
     2.40930140e-04 4.81860280e-04]
    0.0005329056270229121 [6.24568481e-02 9.15693404e-01 3.13528447e-04 2.08134432e-02
     2.40925513e-04 4.81851026e-04]
    0.0005579066074193066 [6.24549881e-02 9.15695913e-01 3.13513089e-04 2.08128233e-02
     2.40920886e-04 4.81841773e-04]
    0.0005829075878157012 [6.24531281e-02 9.15698422e-01 3.13497732e-04 2.08122035e-02
     2.40916260e-04 4.81832520e-04]
    0.0006079085682120958 [6.24512682e-02 9.15700931e-01 3.13482376e-04 2.08115837e-02
     2.40911634e-04 4.81823268e-04]
    0.0006329095486084903 [6.24494083e-02 9.15703440e-01 3.13467021e-04 2.08109639e-02
     2.40907008e-04 4.81814016e-04]
    0.0006579105290048849 [6.24475485e-02 9.15705949e-01 3.13451668e-04 2.08103441e-02
     2.40902383e-04 4.81804765e-04]
    0.0006829115094012794 [6.24456888e-02 9.15708457e-01 3.13436315e-04 2.08097244e-02
     2.40897758e-04 4.81795515e-04]
    0.000707912489797674 [6.24438291e-02 9.15710966e-01 3.13420964e-04 2.08091047e-02
     2.40893133e-04 4.81786266e-04]
    0.0007329134701940685 [6.24419695e-02 9.15713474e-01 3.13405613e-04 2.08084849e-02
     2.40888508e-04 4.81777017e-04]
    0.0007579144505904631 [6.24401099e-02 9.15715983e-01 3.13390264e-04 2.08078652e-02
     2.40883884e-04 4.81767769e-04]
    0.0007829154309868577 [6.24382504e-02 9.15718491e-01 3.13374915e-04 2.08072456e-02
     2.40879261e-04 4.81758521e-04]
    0.0008079164113832522 [6.24363909e-02 9.15721000e-01 3.13359568e-04 2.08066259e-02
     2.40874637e-04 4.81749275e-04]
    0.0008329173917796468 [6.24345316e-02 9.15723508e-01 3.13344222e-04 2.08060063e-02
     2.40870014e-04 4.81740028e-04]
    0.0008579183721760413 [6.24326722e-02 9.15726016e-01 3.13328877e-04 2.08053867e-02
     2.40865391e-04 4.81730783e-04]
    0.0008829193525724359 [6.24308129e-02 9.15728524e-01 3.13313533e-04 2.08047671e-02
     2.40860769e-04 4.81721538e-04]
    0.000905420234929191 [6.24291396e-02 9.15730781e-01 3.13299724e-04 2.08042094e-02
     2.40856609e-04 4.81713219e-04]
    0.0009279211172859461 [6.24274663e-02 9.15733039e-01 3.13285917e-04 2.08036518e-02
     2.40852450e-04 4.81704899e-04]
    0.0009504219996427012 [6.24257931e-02 9.15735296e-01 3.13272110e-04 2.08030942e-02
     2.40848290e-04 4.81696581e-04]
    0.0009729228819994563 [6.24241199e-02 9.15737553e-01 3.13258304e-04 2.08025367e-02
     2.40844131e-04 4.81688263e-04]
    0.0009954237643562114 [6.24224468e-02 9.15739810e-01 3.13244499e-04 2.08019791e-02
     2.40839973e-04 4.81679945e-04]
    0.0010179246467129665 [6.24207737e-02 9.15742067e-01 3.13230694e-04 2.08014216e-02
     2.40835814e-04 4.81671628e-04]
    0.0010404255290697216 [6.24191007e-02 9.15744323e-01 3.13216891e-04 2.08008640e-02
     2.40831656e-04 4.81663312e-04]
    0.0010629264114264767 [6.24174277e-02 9.15746580e-01 3.13203088e-04 2.08003065e-02
     2.40827498e-04 4.81654996e-04]
    0.0010854272937832318 [6.24157547e-02 9.15748837e-01 3.13189287e-04 2.07997490e-02
     2.40823340e-04 4.81646681e-04]
    0.001107928176139987 [6.24140818e-02 9.15751094e-01 3.13175486e-04 2.07991915e-02
     2.40819183e-04 4.81638366e-04]
    0.001130429058496742 [6.24124090e-02 9.15753350e-01 3.13161686e-04 2.07986340e-02
     2.40815026e-04 4.81630052e-04]
    0.0011529299408534971 [6.24107362e-02 9.15755607e-01 3.13147887e-04 2.07980766e-02
     2.40810869e-04 4.81621738e-04]
    0.0011754308232102522 [6.24090634e-02 9.15757863e-01 3.13134089e-04 2.07975191e-02
     2.40806712e-04 4.81613425e-04]
    0.0011979317055670073 [6.24073907e-02 9.15760120e-01 3.13120291e-04 2.07969617e-02
     2.40802556e-04 4.81605112e-04]
    0.0012204325879237624 [6.24057180e-02 9.15762376e-01 3.13106495e-04 2.07964043e-02
     2.40798400e-04 4.81596800e-04]
    0.0012429334702805175 [6.24040454e-02 9.15764632e-01 3.13092699e-04 2.07958469e-02
     2.40794244e-04 4.81588489e-04]
    0.0012654343526372726 [6.24023728e-02 9.15766889e-01 3.13078905e-04 2.07952895e-02
     2.40790089e-04 4.81580178e-04]
    0.0012879352349940277 [6.24007002e-02 9.15769145e-01 3.13065111e-04 2.07947322e-02
     2.40785934e-04 4.81571867e-04]
    0.0013104361173507828 [6.23990277e-02 9.15771401e-01 3.13051318e-04 2.07941748e-02
     2.40781779e-04 4.81563558e-04]
    0.001332936999707538 [6.23973553e-02 9.15773657e-01 3.13037526e-04 2.07936175e-02
     2.40777624e-04 4.81555248e-04]
    0.001355437882064293 [6.23956829e-02 9.15775913e-01 3.13023735e-04 2.07930601e-02
     2.40773470e-04 4.81546940e-04]
    0.0013779387644210482 [6.23940105e-02 9.15778169e-01 3.13009944e-04 2.07925028e-02
     2.40769316e-04 4.81538631e-04]
    0.0014004396467778033 [6.23923382e-02 9.15780425e-01 3.12996155e-04 2.07919455e-02
     2.40765162e-04 4.81530324e-04]
    0.0014229405291345584 [6.23906659e-02 9.15782680e-01 3.12982366e-04 2.07913883e-02
     2.40761008e-04 4.81522017e-04]
    0.0014454414114913135 [6.23889937e-02 9.15784936e-01 3.12968579e-04 2.07908310e-02
     2.40756855e-04 4.81513710e-04]
    0.0014679422938480686 [6.23873215e-02 9.15787192e-01 3.12954792e-04 2.07902738e-02
     2.40752702e-04 4.81505404e-04]
    0.0014904431762048237 [6.23856494e-02 9.15789448e-01 3.12941006e-04 2.07897165e-02
     2.40748549e-04 4.81497099e-04]
    0.0015129440585615788 [6.23839773e-02 9.15791703e-01 3.12927221e-04 2.07891593e-02
     2.40744397e-04 4.81488794e-04]
    0.0015354449409183339 [6.23823052e-02 9.15793959e-01 3.12913436e-04 2.07886021e-02
     2.40740245e-04 4.81480489e-04]
    0.001557945823275089 [6.23806332e-02 9.15796214e-01 3.12899653e-04 2.07880449e-02
     2.40736093e-04 4.81472186e-04]
    0.001580446705631844 [6.23789613e-02 9.15798469e-01 3.12885871e-04 2.07874878e-02
     2.40731941e-04 4.81463882e-04]
    0.0016029475879885992 [6.23772893e-02 9.15800724e-01 3.12872089e-04 2.07869306e-02
     2.40727790e-04 4.81455580e-04]
    0.0016254484703453543 [6.23756175e-02 9.15802980e-01 3.12858308e-04 2.07863735e-02
     2.40723639e-04 4.81447277e-04]
    0.0016479493527021094 [6.23739456e-02 9.15805235e-01 3.12844528e-04 2.07858163e-02
     2.40719488e-04 4.81438976e-04]
    0.0016704502350588645 [6.23722739e-02 9.15807490e-01 3.12830749e-04 2.07852592e-02
     2.40715337e-04 4.81430675e-04]
    0.0016929511174156196 [6.23706021e-02 9.15809745e-01 3.12816971e-04 2.07847021e-02
     2.40711187e-04 4.81422375e-04]
    0.0017132019115366991 [6.23690976e-02 9.15811775e-01 3.12804572e-04 2.07842007e-02
     2.40707452e-04 4.81414904e-04]
    0.0017334527056577786 [6.23675931e-02 9.15813804e-01 3.12792173e-04 2.07836994e-02
     2.40703718e-04 4.81407435e-04]
    0.0017537034997788582 [6.23660887e-02 9.15815834e-01 3.12779775e-04 2.07831980e-02
     2.40699983e-04 4.81399966e-04]
    0.0017739542938999377 [6.23645842e-02 9.15817863e-01 3.12767377e-04 2.07826967e-02
     2.40696249e-04 4.81392497e-04]
    0.0017942050880210172 [6.23630799e-02 9.15819892e-01 3.12754981e-04 2.07821954e-02
     2.40692514e-04 4.81385029e-04]
    0.0018144558821420968 [6.23615755e-02 9.15821921e-01 3.12742584e-04 2.07816940e-02
     2.40688781e-04 4.81377561e-04]
    0.0018347066762631763 [6.23600712e-02 9.15823951e-01 3.12730189e-04 2.07811927e-02
     2.40685047e-04 4.81370094e-04]
    0.0018549574703842558 [6.23585670e-02 9.15825980e-01 3.12717794e-04 2.07806914e-02
     2.40681314e-04 4.81362627e-04]
    0.0018752082645053353 [6.23570627e-02 9.15828009e-01 3.12705401e-04 2.07801902e-02
     2.40677580e-04 4.81355161e-04]
    0.0018954590586264149 [6.23555585e-02 9.15830038e-01 3.12693007e-04 2.07796889e-02
     2.40673847e-04 4.81347695e-04]
    0.0019157098527474944 [6.23540544e-02 9.15832067e-01 3.12680615e-04 2.07791877e-02
     2.40670115e-04 4.81340229e-04]
    0.001935960646868574 [6.23525502e-02 9.15834096e-01 3.12668223e-04 2.07786864e-02
     2.40666382e-04 4.81332764e-04]
    0.0019562114409896534 [6.23510462e-02 9.15836125e-01 3.12655832e-04 2.07781852e-02
     2.40662650e-04 4.81325299e-04]
    0.001976462235110733 [6.23495421e-02 9.15838154e-01 3.12643442e-04 2.07776840e-02
     2.40658918e-04 4.81317835e-04]
    0.0019967130292318125 [6.23480381e-02 9.15840183e-01 3.12631052e-04 2.07771828e-02
     2.40655186e-04 4.81310371e-04]
    0.002016963823352892 [6.23465341e-02 9.15842211e-01 3.12618663e-04 2.07766816e-02
     2.40651454e-04 4.81302908e-04]
    0.0020372146174739716 [6.23450302e-02 9.15844240e-01 3.12606275e-04 2.07761804e-02
     2.40647723e-04 4.81295445e-04]
    0.002057465411595051 [6.23435263e-02 9.15846269e-01 3.12593887e-04 2.07756792e-02
     2.40643991e-04 4.81287983e-04]
    0.0020777162057161306 [6.23420224e-02 9.15848297e-01 3.12581500e-04 2.07751781e-02
     2.40640260e-04 4.81280521e-04]
    0.00209796699983721 [6.23405186e-02 9.15850326e-01 3.12569114e-04 2.07746769e-02
     2.40636530e-04 4.81273059e-04]
    0.0021182177939582897 [6.23390148e-02 9.15852354e-01 3.12556728e-04 2.07741758e-02
     2.40632799e-04 4.81265598e-04]
    0.002138468588079369 [6.23375110e-02 9.15854383e-01 3.12544344e-04 2.07736747e-02
     2.40629069e-04 4.81258138e-04]
    0.0021587193822004487 [6.23360073e-02 9.15856411e-01 3.12531960e-04 2.07731736e-02
     2.40625339e-04 4.81250677e-04]
    0.0021789701763215283 [6.23345036e-02 9.15858440e-01 3.12519576e-04 2.07726725e-02
     2.40621609e-04 4.81243218e-04]
    0.0021992209704426078 [6.23330000e-02 9.15860468e-01 3.12507194e-04 2.07721714e-02
     2.40617879e-04 4.81235758e-04]
    0.0022194717645636873 [6.23314963e-02 9.15862496e-01 3.12494812e-04 2.07716703e-02
     2.40614150e-04 4.81228300e-04]
    0.002239722558684767 [6.23299928e-02 9.15864524e-01 3.12482430e-04 2.07711692e-02
     2.40610421e-04 4.81220841e-04]
    0.0022599733528058464 [6.23284892e-02 9.15866552e-01 3.12470050e-04 2.07706682e-02
     2.40606692e-04 4.81213383e-04]
    0.002280224146926926 [6.23269857e-02 9.15868581e-01 3.12457670e-04 2.07701672e-02
     2.40602963e-04 4.81205926e-04]
    0.0023004749410480054 [6.23254822e-02 9.15870609e-01 3.12445291e-04 2.07696661e-02
     2.40599234e-04 4.81198469e-04]
    0.002320725735169085 [6.23239788e-02 9.15872637e-01 3.12432913e-04 2.07691651e-02
     2.40595506e-04 4.81191012e-04]
    0.0023409765292901645 [6.23224754e-02 9.15874665e-01 3.12420535e-04 2.07686641e-02
     2.40591778e-04 4.81183556e-04]
    0.002361227323411244 [6.23209721e-02 9.15876693e-01 3.12408158e-04 2.07681631e-02
     2.40588050e-04 4.81176100e-04]
    0.0023814781175323235 [6.23194687e-02 9.15878720e-01 3.12395781e-04 2.07676622e-02
     2.40584322e-04 4.81168645e-04]
    0.002401728911653403 [6.23179654e-02 9.15880748e-01 3.12383406e-04 2.07671612e-02
     2.40580595e-04 4.81161190e-04]
    0.0024219797057744826 [6.23164622e-02 9.15882776e-01 3.12371031e-04 2.07666602e-02
     2.40576868e-04 4.81153735e-04]
    0.002442230499895562 [6.23149590e-02 9.15884804e-01 3.12358657e-04 2.07661593e-02
     2.40573141e-04 4.81146281e-04]
    0.002482732088137721 [6.23119526e-02 9.15888859e-01 3.12333910e-04 2.07651575e-02
     2.40565687e-04 4.81131375e-04]
    0.00252323367637988 [6.23089465e-02 9.15892914e-01 3.12309167e-04 2.07641557e-02
     2.40558235e-04 4.81116470e-04]
    0.0025637352646220393 [6.23059404e-02 9.15896969e-01 3.12284426e-04 2.07631539e-02
     2.40550783e-04 4.81101567e-04]
    0.0026042368528641983 [6.23029345e-02 9.15901024e-01 3.12259688e-04 2.07621522e-02
     2.40543333e-04 4.81086665e-04]
    0.0026447384411063574 [6.22999288e-02 9.15905078e-01 3.12234953e-04 2.07611506e-02
     2.40535883e-04 4.81071766e-04]
    0.002725741617590676 [6.22939178e-02 9.15913186e-01 3.12185492e-04 2.07591474e-02
     2.40520986e-04 4.81041972e-04]
    0.0028067447940749945 [6.22879073e-02 9.15921294e-01 3.12136041e-04 2.07571445e-02
     2.40506093e-04 4.81012186e-04]
    0.002887747970559313 [6.22818974e-02 9.15929401e-01 3.12086602e-04 2.07551417e-02
     2.40491203e-04 4.80982406e-04]
    0.0029687511470436316 [6.22758881e-02 9.15937507e-01 3.12037174e-04 2.07531391e-02
     2.40476317e-04 4.80952633e-04]
    0.00304975432352795 [6.22698793e-02 9.15945612e-01 3.11987757e-04 2.07511367e-02
     2.40461434e-04 4.80922868e-04]
    0.0031307575000122686 [6.22638712e-02 9.15953716e-01 3.11938352e-04 2.07491345e-02
     2.40446555e-04 4.80893110e-04]
    0.003211760676496587 [6.22578636e-02 9.15961820e-01 3.11888957e-04 2.07471325e-02
     2.40431679e-04 4.80863359e-04]
    0.0032927638529809057 [6.22518566e-02 9.15969923e-01 3.11839574e-04 2.07451307e-02
     2.40416807e-04 4.80833614e-04]
    0.0033737670294652243 [6.22458502e-02 9.15978025e-01 3.11790202e-04 2.07431291e-02
     2.40401939e-04 4.80803877e-04]
    0.003454770205949543 [6.22398444e-02 9.15986126e-01 3.11740842e-04 2.07411277e-02
     2.40387074e-04 4.80774147e-04]
    0.0035357733824338614 [6.22338391e-02 9.15994226e-01 3.11691492e-04 2.07391265e-02
     2.40372212e-04 4.80744424e-04]
    0.003697779735402498 [6.22218303e-02 9.16010425e-01 3.11592827e-04 2.07351246e-02
     2.40342500e-04 4.80685000e-04]
    0.0038597860883711347 [6.22098239e-02 9.16026620e-01 3.11494207e-04 2.07311235e-02
     2.40312802e-04 4.80625603e-04]
    0.004021792441339772 [6.21978197e-02 9.16042812e-01 3.11395631e-04 2.07271232e-02
     2.40283118e-04 4.80566235e-04]
    0.004183798794308409 [6.21858179e-02 9.16059001e-01 3.11297100e-04 2.07231237e-02
     2.40253448e-04 4.80506895e-04]
    0.004345805147277046 [6.21738184e-02 9.16075187e-01 3.11198613e-04 2.07191249e-02
     2.40223792e-04 4.80447583e-04]
    0.004507811500245683 [6.21618212e-02 9.16091369e-01 3.11100171e-04 2.07151269e-02
     2.40194150e-04 4.80388300e-04]
    0.00466981785321432 [6.21498263e-02 9.16107549e-01 3.11001774e-04 2.07111296e-02
     2.40164522e-04 4.80329044e-04]
    0.004831824206182957 [6.21378337e-02 9.16123725e-01 3.10903422e-04 2.07071332e-02
     2.40134909e-04 4.80269817e-04]
    0.004993830559151594 [6.21258434e-02 9.16139898e-01 3.10805114e-04 2.07031375e-02
     2.40105309e-04 4.80210618e-04]
    0.005155836912120231 [6.21138555e-02 9.16156068e-01 3.10706850e-04 2.06991425e-02
     2.40075723e-04 4.80151447e-04]
    0.0053178432650888684 [6.21018698e-02 9.16172235e-01 3.10608631e-04 2.06951484e-02
     2.40046152e-04 4.80092304e-04]
    0.005641855971026142 [6.20779055e-02 9.16204559e-01 3.10412327e-04 2.06871624e-02
     2.39987051e-04 4.79974102e-04]
    0.005965868676963415 [6.20539503e-02 9.16236870e-01 3.10216200e-04 2.06791794e-02
     2.39928006e-04 4.79856012e-04]
    0.006289881382900688 [6.20300044e-02 9.16269169e-01 3.10020251e-04 2.06711996e-02
     2.39869017e-04 4.79738034e-04]
    0.006613894088837962 [6.20060677e-02 9.16301455e-01 3.09824478e-04 2.06632228e-02
     2.39810084e-04 4.79620168e-04]
    0.006937906794775235 [6.19821403e-02 9.16333728e-01 3.09628883e-04 2.06552491e-02
     2.39751207e-04 4.79502414e-04]
    0.007261919500712508 [6.19582221e-02 9.16365989e-01 3.09433464e-04 2.06472784e-02
     2.39692385e-04 4.79384771e-04]
    0.007585932206649782 [6.19343130e-02 9.16398237e-01 3.09238222e-04 2.06393109e-02
     2.39633620e-04 4.79267239e-04]
    0.007909944912587055 [6.19104132e-02 9.16430473e-01 3.09043156e-04 2.06313464e-02
     2.39574909e-04 4.79149819e-04]
    0.008557970324461601 [6.18626412e-02 9.16494906e-01 3.08653552e-04 2.06154266e-02
     2.39457655e-04 4.78915310e-04]
    0.009205995736336148 [6.18149059e-02 9.16559289e-01 3.08264649e-04 2.05995190e-02
     2.39340622e-04 4.78681245e-04]
    0.009854021148210695 [6.17672074e-02 9.16623621e-01 3.07876447e-04 2.05836237e-02
     2.39223810e-04 4.78447621e-04]
    0.010502046560085241 [6.17195456e-02 9.16687903e-01 3.07488942e-04 2.05677407e-02
     2.39107219e-04 4.78214437e-04]
    0.011150071971959788 [6.16719205e-02 9.16752135e-01 3.07102134e-04 2.05518698e-02
     2.38990846e-04 4.77981693e-04]
    0.012446122795708883 [6.15767801e-02 9.16880448e-01 3.06330600e-04 2.05201647e-02
     2.38758758e-04 4.77517516e-04]
    0.013742173619457978 [6.14817859e-02 9.17008561e-01 3.05561828e-04 2.04885084e-02
     2.38527541e-04 4.77055081e-04]
    0.015038224443207073 [6.13869377e-02 9.17136474e-01 3.04795804e-04 2.04569007e-02
     2.38297189e-04 4.76594379e-04]
    0.016334275266956168 [6.12922352e-02 9.17264188e-01 3.04032514e-04 2.04253415e-02
     2.38067700e-04 4.76135400e-04]
    0.01763032609070526 [6.11976781e-02 9.17391702e-01 3.03271942e-04 2.03938308e-02
     2.37839067e-04 4.75678134e-04]
    0.02022242773820345 [6.10089990e-02 9.17646135e-01 3.01758897e-04 2.03309544e-02
     2.37384353e-04 4.74768706e-04]
    0.02281452938570164 [6.08208982e-02 9.17899775e-01 3.00256556e-04 2.02682708e-02
     2.36933011e-04 4.73866022e-04]
    0.02540663103319983 [6.06333735e-02 9.18152628e-01 2.98764804e-04 2.02057790e-02
     2.36485004e-04 4.72970008e-04]
    0.02799873268069802 [6.04464226e-02 9.18404694e-01 2.97283531e-04 2.01434786e-02
     2.36040297e-04 4.72080594e-04]
    0.03059083432819621 [6.02600435e-02 9.18655979e-01 2.95812628e-04 2.00813686e-02
     2.35598854e-04 4.71197708e-04]
    0.0331829359756944 [6.00742339e-02 9.18906484e-01 2.94351987e-04 2.00194485e-02
     2.35160641e-04 4.70321282e-04]
    0.03577503762319258 [5.98889918e-02 9.19156212e-01 2.92901501e-04 1.99577174e-02
     2.34725623e-04 4.69451246e-04]
    0.03836713927069077 [5.97043150e-02 9.19405168e-01 2.91461066e-04 1.98961748e-02
     2.34293767e-04 4.68587533e-04]
    0.040959240918188956 [5.95202013e-02 9.19653353e-01 2.90030579e-04 1.98348198e-02
     2.33865039e-04 4.67730077e-04]
    0.04355134256568714 [5.93366488e-02 9.19900771e-01 2.88609937e-04 1.97736518e-02
     2.33439406e-04 4.66878813e-04]
    0.04614344421318533 [5.91536554e-02 9.20147425e-01 2.87199041e-04 1.97126701e-02
     2.33016837e-04 4.66033674e-04]
    0.05132764750818171 [5.87893374e-02 9.20638451e-01 2.84406091e-04 1.95912629e-02
     2.32180762e-04 4.64361524e-04]
    0.05651185080317809 [5.84272311e-02 9.21126455e-01 2.81650954e-04 1.94705928e-02
     2.31356564e-04 4.62713128e-04]
    0.06169605409817447 [5.80673205e-02 9.21611460e-01 2.78932877e-04 1.93506543e-02
     2.30544000e-04 4.61088000e-04]
    0.06688025739317084 [5.77095899e-02 9.22093488e-01 2.76251128e-04 1.92314423e-02
     2.29742835e-04 4.59485671e-04]
    0.07206446068816721 [5.73540235e-02 9.22572561e-01 2.73604995e-04 1.91129515e-02
     2.28952840e-04 4.57905681e-04]
    0.07724866398316359 [5.70006062e-02 9.23048702e-01 2.70993784e-04 1.89951769e-02
     2.28173792e-04 4.56347585e-04]
    0.08243286727815996 [5.66493227e-02 9.23521931e-01 2.68416823e-04 1.88781134e-02
     2.27405474e-04 4.54810949e-04]
    0.08761707057315633 [5.63001581e-02 9.23992269e-01 2.65873455e-04 1.87617559e-02
     2.26647676e-04 4.53295352e-04]
    0.0928012738681527 [5.59530978e-02 9.24459739e-01 2.63363042e-04 1.86460998e-02
     2.25900191e-04 4.51800383e-04]
    0.09798547716314908 [5.56081271e-02 9.24924360e-01 2.60884961e-04 1.85311399e-02
     2.25162821e-04 4.50325642e-04]
    0.10316968045814545 [5.52652318e-02 9.25386152e-01 2.58438607e-04 1.84168717e-02
     2.24435370e-04 4.48870740e-04]
    0.10835388375314182 [5.49243976e-02 9.25845136e-01 2.56023390e-04 1.83032904e-02
     2.23717649e-04 4.47435298e-04]
    0.1135380870481382 [5.45856107e-02 9.26301331e-01 2.53638736e-04 1.81903913e-02
     2.23009473e-04 4.46018947e-04]
    0.11872229034313457 [5.42488572e-02 9.26754757e-01 2.51284085e-04 1.80781698e-02
     2.22310664e-04 4.44621328e-04]
    0.12390649363813094 [5.39141235e-02 9.27205433e-01 2.48958892e-04 1.79666214e-02
     2.21621045e-04 4.43242089e-04]
    0.12909069693312733 [5.35813961e-02 9.27653378e-01 2.46662623e-04 1.78557416e-02
     2.20940445e-04 4.41880890e-04]
    0.13427490022812372 [5.32506618e-02 9.28098611e-01 2.44394761e-04 1.77455260e-02
     2.20268699e-04 4.40537398e-04]
    0.1394591035231201 [5.29219074e-02 9.28541151e-01 2.42154800e-04 1.76359702e-02
     2.19605644e-04 4.39211288e-04]
    0.1446433068181165 [5.25951199e-02 9.28981015e-01 2.39942246e-04 1.75270698e-02
     2.18951122e-04 4.37902244e-04]
    0.14982751011311288 [5.22702865e-02 9.29418221e-01 2.37756619e-04 1.74188207e-02
     2.18304979e-04 4.36609957e-04]
    0.15501171340810926 [5.19473945e-02 9.29852788e-01 2.35597448e-04 1.73112185e-02
     2.17667063e-04 4.35334126e-04]
    0.16019591670310565 [5.16264314e-02 9.30284734e-01 2.33464276e-04 1.72042591e-02
     2.17037229e-04 4.34074457e-04]
    0.16538011999810204 [5.13073847e-02 9.30714074e-01 2.31356656e-04 1.70979383e-02
     2.16415332e-04 4.32830664e-04]
    0.17056432329309842 [5.09902423e-02 9.31140828e-01 2.29274151e-04 1.69922521e-02
     2.15801234e-04 4.31602467e-04]
    0.1757485265880948 [5.06749918e-02 9.31565011e-01 2.27216334e-04 1.68871964e-02
     2.15194796e-04 4.30389593e-04]
    0.1809327298830912 [5.03616215e-02 9.31986641e-01 2.25182790e-04 1.67827673e-02
     2.14595888e-04 4.29191775e-04]
    0.18611693317808758 [5.00501193e-02 9.32405734e-01 2.23173111e-04 1.66789607e-02
     2.14004377e-04 4.28008754e-04]
    0.19130113647308397 [4.97404735e-02 9.32822306e-01 2.21186902e-04 1.65757727e-02
     2.13420137e-04 4.26840274e-04]
    0.19648533976808036 [4.94326726e-02 9.33236375e-01 2.19223773e-04 1.64731995e-02
     2.12843044e-04 4.25686088e-04]
    0.20166954306307674 [4.91267049e-02 9.33647956e-01 2.17283346e-04 1.63712373e-02
     2.12272977e-04 4.24545953e-04]
    0.20685374635807313 [4.88225591e-02 9.34057064e-01 2.15365250e-04 1.62698822e-02
     2.11709816e-04 4.23419632e-04]
    0.21203794965306952 [4.85202239e-02 9.34463716e-01 2.13469123e-04 1.61691304e-02
     2.11153447e-04 4.22306894e-04]
    0.2172221529480659 [4.82196881e-02 9.34867928e-01 2.11594612e-04 1.60689783e-02
     2.10603756e-04 4.21207512e-04]
    0.2224063562430623 [4.79209406e-02 9.35269714e-01 2.09741369e-04 1.59694221e-02
     2.10060633e-04 4.20121266e-04]
    0.22759055953805868 [4.76239705e-02 9.35669090e-01 2.07909056e-04 1.58704583e-02
     2.09523968e-04 4.19047936e-04]
    0.23171015368074513 [4.73892453e-02 9.35984744e-01 2.06467725e-04 1.57922373e-02
     2.09102047e-04 4.18204094e-04]
    0.23515779323336472 [4.71936600e-02 9.36247753e-01 2.05271371e-04 1.57270594e-02
     2.08751992e-04 4.17503984e-04]
    0.23860543278598428 [4.69988490e-02 9.36509713e-01 2.04083919e-04 1.56621396e-02
     2.08404681e-04 4.16809361e-04]
    0.24205307233860385 [4.68048093e-02 9.36770628e-01 2.02905277e-04 1.55974768e-02
     2.08060083e-04 4.16120166e-04]
    0.2455007118912234 [4.66115376e-02 9.37030503e-01 2.01735354e-04 1.55330699e-02
     2.07718171e-04 4.15436341e-04]
    0.24894835144384297 [4.64190310e-02 9.37289340e-01 2.00574058e-04 1.54689180e-02
     2.07378914e-04 4.14757828e-04]
    0.25239599099646254 [4.62272863e-02 9.37547146e-01 1.99421302e-04 1.54050200e-02
     2.07042285e-04 4.14084570e-04]
    0.2558436305490821 [4.60363005e-02 9.37803923e-01 1.98276998e-04 1.53413749e-02
     2.06708256e-04 4.13416513e-04]
    0.25929127010170167 [4.58460705e-02 9.38059676e-01 1.97141060e-04 1.52779817e-02
     2.06376800e-04 4.12753601e-04]
    0.2623941456990593 [4.56755073e-02 9.38288983e-01 1.96125799e-04 1.52211424e-02
     2.06080667e-04 4.12161333e-04]
    0.2654970212964169 [4.55055517e-02 9.38517466e-01 1.95117184e-04 1.51645055e-02
     2.05786575e-04 4.11573151e-04]
    0.2685998968937745 [4.53362016e-02 9.38745129e-01 1.94115155e-04 1.51080704e-02
     2.05494507e-04 4.10989015e-04]
    0.2717027724911321 [4.51674547e-02 9.38971976e-01 1.93119653e-04 1.50518363e-02
     2.05204443e-04 4.10408886e-04]
    0.2748806715061995 [4.49952508e-02 9.39203464e-01 1.92106785e-04 1.49944502e-02
     2.04909423e-04 4.09818846e-04]
    0.27805857052126687 [4.48236752e-02 9.39434101e-01 1.91100638e-04 1.49372734e-02
     2.04616466e-04 4.09232933e-04]
    0.28123646953633424 [4.46527255e-02 9.39663891e-01 1.90101152e-04 1.48803052e-02
     2.04325552e-04 4.08651104e-04]
    0.2840965786498949 [4.44994040e-02 9.39869981e-01 1.89207258e-04 1.48292116e-02
     2.04065460e-04 4.08130920e-04]
    0.28695668776345556 [4.43465861e-02 9.40075388e-01 1.88318666e-04 1.47782858e-02
     2.03806993e-04 4.07613986e-04]
    0.2898167968770162 [4.41942701e-02 9.40280117e-01 1.87435332e-04 1.47275272e-02
     2.03550138e-04 4.07100276e-04]
    0.2926769059905769 [4.40424543e-02 9.40484169e-01 1.86557214e-04 1.46769353e-02
     2.03294880e-04 4.06589759e-04]
    0.29553701510413755 [4.38911371e-02 9.40687545e-01 1.85684269e-04 1.46265096e-02
     2.03041206e-04 4.06082412e-04]
    0.2983971242176982 [4.37403168e-02 9.40890250e-01 1.84816455e-04 1.45762495e-02
     2.02789104e-04 4.05578208e-04]
    0.30125723333125887 [4.35899920e-02 9.41092284e-01 1.83953731e-04 1.45261544e-02
     2.02538559e-04 4.05077118e-04]
    0.3041173424448195 [4.34401609e-02 9.41293650e-01 1.83096055e-04 1.44762239e-02
     2.02289559e-04 4.04579117e-04]
    0.3069774515583802 [4.32908219e-02 9.41494351e-01 1.82243388e-04 1.44264574e-02
     2.02042090e-04 4.04084181e-04]
    0.30983756067194085 [4.31419735e-02 9.41694388e-01 1.81395689e-04 1.43768544e-02
     2.01796141e-04 4.03592283e-04]
    0.3126976697855015 [4.29936141e-02 9.41893764e-01 1.80552918e-04 1.43274144e-02
     2.01551699e-04 4.03103398e-04]
    0.31555777889906217 [4.28457421e-02 9.42092480e-01 1.79715037e-04 1.42781367e-02
     2.01308750e-04 4.02617500e-04]
    0.31841788801262283 [4.26983558e-02 9.42290539e-01 1.78882006e-04 1.42290210e-02
     2.01067283e-04 4.02134565e-04]
    0.3212779971261835 [4.25514539e-02 9.42487944e-01 1.78053788e-04 1.41800666e-02
     2.00827286e-04 4.01654572e-04]
    0.32413810623974415 [4.24050346e-02 9.42684696e-01 1.77230344e-04 1.41312731e-02
     2.00588746e-04 4.01177492e-04]
    0.3269982153533048 [4.22590964e-02 9.42880797e-01 1.76411637e-04 1.40826399e-02
     2.00351651e-04 4.00703303e-04]
    0.32957231355550937 [4.21281622e-02 9.43056734e-01 1.75678819e-04 1.40390067e-02
     2.00139493e-04 4.00278986e-04]
    0.3321464117577139 [4.19976153e-02 9.43232147e-01 1.74949782e-04 1.39955026e-02
     1.99928487e-04 3.99856975e-04]
    0.33446310013969804 [4.18804533e-02 9.43389572e-01 1.74296859e-04 1.39564589e-02
     1.99739561e-04 3.99479122e-04]
    0.33677978852168217 [4.17636034e-02 9.43546576e-01 1.73646956e-04 1.39175192e-02
     1.99551556e-04 3.99103112e-04]
    0.3390964769036663 [4.16470646e-02 9.43703159e-01 1.73000056e-04 1.38786833e-02
     1.99364465e-04 3.98728931e-04]
    0.3414131652856504 [4.15308363e-02 9.43859322e-01 1.72356139e-04 1.38399507e-02
     1.99178284e-04 3.98356567e-04]
    0.34372985366763453 [4.14149176e-02 9.44015067e-01 1.71715187e-04 1.38013214e-02
     1.98993005e-04 3.97986011e-04]
    0.34604654204961866 [4.12993077e-02 9.44170394e-01 1.71077181e-04 1.37627949e-02
     1.98808624e-04 3.97617248e-04]
    0.3483632304316028 [4.11840057e-02 9.44325306e-01 1.70442103e-04 1.37243711e-02
     1.98625134e-04 3.97250268e-04]
    0.3506799188135869 [4.10690110e-02 9.44479802e-01 1.69809934e-04 1.36860497e-02
     1.98442530e-04 3.96885059e-04]
    0.352996607195571 [4.09543227e-02 9.44633884e-01 1.69180658e-04 1.36478304e-02
     1.98260805e-04 3.96521610e-04]
    0.35531329557755514 [4.08399400e-02 9.44787553e-01 1.68554254e-04 1.36097129e-02
     1.98079955e-04 3.96159909e-04]
    0.35762998395953927 [4.07258621e-02 9.44940810e-01 1.67930707e-04 1.35716970e-02
     1.97899973e-04 3.95799946e-04]
    0.3599466723415234 [4.06120883e-02 9.45093657e-01 1.67309998e-04 1.35337824e-02
     1.97720854e-04 3.95441708e-04]
    0.3622633607235075 [4.04986177e-02 9.45246094e-01 1.66692111e-04 1.34959689e-02
     1.97542593e-04 3.95085186e-04]
    0.36689673748747575 [4.02725832e-02 9.45549742e-01 1.65464729e-04 1.34206440e-02
     1.97188621e-04 3.94377242e-04]
    0.3708691050776998 [4.00797539e-02 9.45808777e-01 1.64421274e-04 1.33563845e-02
     1.96887828e-04 3.93775657e-04]
    0.3748414726679239 [3.98878054e-02 9.46066622e-01 1.63385878e-04 1.32924186e-02
     1.96589482e-04 3.93178964e-04]
    0.37881384025814796 [3.96967339e-02 9.46323282e-01 1.62358456e-04 1.32287450e-02
     1.96293556e-04 3.92587111e-04]
    0.38278620784837203 [3.95065354e-02 9.46578763e-01 1.61338927e-04 1.31653622e-02
     1.96000023e-04 3.92000047e-04]
    0.3867585754385961 [3.93172063e-02 9.46833071e-01 1.60327209e-04 1.31022692e-02
     1.95708859e-04 3.91417719e-04]
    0.39470331061904423 [3.89411404e-02 9.47338185e-01 1.58326887e-04 1.29769471e-02
     1.95133535e-04 3.90267070e-04]
    0.40154473373997246 [3.86200508e-02 9.47769439e-01 1.56628659e-04 1.28699455e-02
     1.94645467e-04 3.89290934e-04]
    0.4083861568609007 [3.83014867e-02 9.48197283e-01 1.54952509e-04 1.27637856e-02
     1.94164078e-04 3.88328157e-04]
    0.4152275799818289 [3.79854289e-02 9.48621744e-01 1.53298055e-04 1.26584608e-02
     1.93689249e-04 3.87378499e-04]
    0.42206900310275713 [3.76718587e-02 9.49042849e-01 1.51664927e-04 1.25539651e-02
     1.93220862e-04 3.86441724e-04]
    0.42891042622368536 [3.73607574e-02 9.49460621e-01 1.50052759e-04 1.24502921e-02
     1.92758802e-04 3.85517604e-04]
    0.4357518493446136 [3.70521064e-02 9.49875088e-01 1.48461199e-04 1.23474356e-02
     1.92302958e-04 3.84605916e-04]
    0.4425932724655418 [3.67458875e-02 9.50286273e-01 1.46889898e-04 1.22453896e-02
     1.91853220e-04 3.83706439e-04]
    0.44943469558647003 [3.64420824e-02 9.50694203e-01 1.45338518e-04 1.21441480e-02
     1.91409481e-04 3.82818962e-04]
    0.45627611870739826 [3.61406730e-02 9.51098901e-01 1.43806727e-04 1.20437048e-02
     1.90971637e-04 3.81943275e-04]
    0.4631175418283265 [3.58416415e-02 9.51500391e-01 1.42294203e-04 1.19440540e-02
     1.90539587e-04 3.81079174e-04]
    0.4699589649492547 [3.55449702e-02 9.51898700e-01 1.40800628e-04 1.18451898e-02
     1.90113231e-04 3.80226462e-04]
    0.47680038807018293 [3.52506414e-02 9.52293849e-01 1.39325693e-04 1.17471061e-02
     1.89692471e-04 3.79384941e-04]
    0.48364181119111116 [3.49586376e-02 9.52685864e-01 1.37869095e-04 1.16497973e-02
     1.89277212e-04 3.78554424e-04]
    0.4897990919999466 [3.46978078e-02 9.53036017e-01 1.36573590e-04 1.15628770e-02
     1.88908106e-04 3.77816212e-04]
    0.49534064472789846 [3.44646489e-02 9.53349014e-01 1.35419955e-04 1.14851779e-02
     1.88579601e-04 3.77159202e-04]
    0.5008821974558504 [3.42329848e-02 9.53659997e-01 1.34277835e-04 1.14079770e-02
     1.88254543e-04 3.76509087e-04]
    0.5064237501838023 [3.40028066e-02 9.53968976e-01 1.33147079e-04 1.13312712e-02
     1.87932887e-04 3.75865773e-04]
    0.5114111476389589 [3.37969092e-02 9.54245356e-01 1.32138997e-04 1.12626569e-02
     1.87646265e-04 3.75292530e-04]
    0.5163985450941155 [3.35922016e-02 9.54520133e-01 1.31139897e-04 1.11944390e-02
     1.87362328e-04 3.74724656e-04]
    0.5213859425492722 [3.33886773e-02 9.54793314e-01 1.30149676e-04 1.11266155e-02
     1.87081043e-04 3.74162087e-04]
    0.5263733400044288 [3.31863299e-02 9.55064910e-01 1.29168235e-04 1.10591843e-02
     1.86802379e-04 3.73604759e-04]
    0.5313607374595855 [3.29851531e-02 9.55334930e-01 1.28195472e-04 1.09921430e-02
     1.86526304e-04 3.73052608e-04]
    0.5363481349147421 [3.27851404e-02 9.55603380e-01 1.27231288e-04 1.09254898e-02
     1.86252788e-04 3.72505575e-04]
    0.5413355323698987 [3.25862856e-02 9.55870271e-01 1.26275588e-04 1.08592224e-02
     1.85981800e-04 3.71963600e-04]
    0.5458241900795398 [3.24083010e-02 9.56109146e-01 1.25422632e-04 1.07999099e-02
     1.85740047e-04 3.71480095e-04]
    0.5503128477891808 [3.22312447e-02 9.56346771e-01 1.24576402e-04 1.07409067e-02
     1.85500297e-04 3.71000594e-04]
    0.5543526397278576 [3.20726839e-02 9.56559570e-01 1.23820488e-04 1.06880671e-02
     1.85286216e-04 3.70572433e-04]
    0.5583924316665345 [3.19148680e-02 9.56771365e-01 1.23069919e-04 1.06354757e-02
     1.85073725e-04 3.70147450e-04]
    0.5624322236052114 [3.17577937e-02 9.56982162e-01 1.22324645e-04 1.05831315e-02
     1.84862808e-04 3.69725617e-04]
    0.5664720155438883 [3.16014578e-02 9.57191964e-01 1.21584620e-04 1.05310333e-02
     1.84653451e-04 3.69306902e-04]
    0.5705118074825651 [3.14458571e-02 9.57400776e-01 1.20849796e-04 1.04791801e-02
     1.84445639e-04 3.68891278e-04]
    0.574551599421242 [3.12909882e-02 9.57608603e-01 1.20120127e-04 1.04275708e-02
     1.84239357e-04 3.68478715e-04]
    0.5785913913599189 [3.11368480e-02 9.57815448e-01 1.19395568e-04 1.03762043e-02
     1.84034592e-04 3.68069184e-04]
    0.5826311832985958 [3.09834333e-02 9.58021317e-01 1.18676071e-04 1.03250796e-02
     1.83831329e-04 3.67662657e-04]
    0.5907107671759496 [3.06787675e-02 9.58430141e-01 1.17252092e-04 1.02235512e-02
     1.83429253e-04 3.66858506e-04]
    0.5987903510533035 [3.03769655e-02 9.58835110e-01 1.15847837e-04 1.01229771e-02
     1.83033020e-04 3.66066041e-04]






|

.. code-block:: Python


    import numpy as np
    import cantera as ct
    import matplotlib.pyplot as plt

    mech = 'SiF4_NH3_mec.yaml'

    # import the model for gas-Si-N interface and adjacent bulk phases
    gas_si_n_interface = ct.Interface(mech, 'SI3N4')
    gas = gas_si_n_interface.adjacent['gas']

    # Set the initial conditions
    T0 = 1713  # K
    p0 = 2 * ct.one_atm / 760.0  # Pa ~2Torr
    gas.TPX = T0, p0, "SiF4:0.1427, NH3:0.8573"
    gas_si_n_interface.TP = T0, p0
    D = 5.08e-2  # diameter of the tube [m]
    Ac = np.pi * D**2 / 4  # cross section of the tube [m]
    u0 = 11.53  # m/s initial velocity of the flow

    reactor = ct.FlowReactor(gas, clone=True)
    reactor.area = Ac
    reactor.mass_flow_rate = gas.density * u0 * Ac
    reactor.energy_enabled = False

    rsurf = ct.ReactorSurface(gas_si_n_interface, reactor, clone=True)
    net = ct.ReactorNet([reactor])
    soln = ct.SolutionArray(gas, extra=['x', 'speed', 'surf_coverages', 'N_dep', 'Si_dep'])
    kN = gas_si_n_interface.kinetics_species_index('N(D)')
    kSi = gas_si_n_interface.kinetics_species_index('Si(D)')

    # Integrate the reactor network
    while net.distance < 0.6:
        print(net.distance, rsurf.coverages)
        net.step()
        wdot = rsurf.phase.net_production_rates
        soln.append(TDY=reactor.phase.TDY,
                    x=net.distance,
                    speed=reactor.speed,
                    surf_coverages=rsurf.coverages,
                    N_dep=wdot[kN],
                    Si_dep=wdot[kSi])

    # Plot the results
    plt.rcParams['figure.constrained_layout.use'] = True
    f, ax = plt.subplots(2, 3, figsize=(9,6))

    # plot the temperature profile along the flow direction
    ax[0, 0].plot(soln.x, soln.T[:], color='C3')
    ax[0, 0].set(xlabel='Distance (m)', ylabel='Temperature (K)', title='Gas properties')

    # plot the pressure of the gas along the flow direction
    ax_p = ax[0,0].twinx()
    ax_p.plot(soln.x, soln.P, color='C2')
    ax_p.set(ylabel='Pressure (Pa)')

    # plot gas velocity along the flow direction
    h_vel = ax[1, 0].plot(soln.x, soln.speed, color='C0', label='velocity')
    ax[1, 0].set(xlabel='Distance (m)', ylabel='Velocity (m/s)')

    # plot gas density along the flow direction
    ax_rho = ax[1,0].twinx()
    h_rho = ax_rho.plot(soln.x, soln.density / 1000, color='C1', label='density')
    ax_rho.set(ylabel=r'Density ($\mathregular{g/cm^3}$)')
    ax_rho.legend(handles=h_vel+h_rho)

    # plot major and minor gas species separately
    minor_idx = []
    major_idx = []
    for i, name in enumerate(gas.species_names):
        mean = np.mean(soln(name).X)
        if mean >= 0.001:
            major_idx.append(i)
        elif mean >= 1e-10:
            minor_idx.append(i)

    # plot major gas species along the flow direction
    for j in major_idx:
        ax[0, 1].plot(soln.x, soln.X[:,j], label=gas.species_name(j))
    ax[0, 1].legend(fontsize=8, loc='best')
    ax[0, 1].set(xlabel='Distance (m)', ylabel='Mole Fraction',
                 title='Gas phase major species')

    # plot minor gas species along the flow direction
    for k, i in enumerate(minor_idx):
        style = '-' if k < 10 else '--'
        ax[1, 1].plot(soln.x, soln.X[:,i], label=gas.species_name(i), linestyle=style)
    ax[1, 1].legend(fontsize=7.5, loc='best')
    ax[1, 1].set(xlabel='Distance (m)', ylabel='Mole Fraction',
                 title='Gas phase minor species')

    # plot the site fraction of the surface species along the flow direction
    for i, name in enumerate(gas_si_n_interface.species_names):
        ax[0, 2].plot(soln.x, soln.surf_coverages[:, i], label=name)
    ax[0, 2].legend(fontsize=8)
    ax[0, 2].set(xlabel='Distance (m)', ylabel='Site Fraction', title='Surface species')

    # plot the surface deposition of N and Si
    ax[1, 2].plot(soln.x, soln.N_dep, label='N(D)')
    ax[1, 2].plot(soln.x, soln.Si_dep, label='Si(D)')
    ax[1, 2].set(xlabel='Distance (m)', ylabel='Deposition Rate (kmol/m$^2$/s)',
                 title='Bulk deposition')
    ax[1, 2].legend()

    plt.show()


.. rst-class:: sphx-glr-timing

   **Total running time of the script:** (0 minutes 1.328 seconds)


.. _sphx_glr_download_examples_python_reactors_1D_pfr_surfchem.py:

.. only:: html

  .. container:: sphx-glr-footer sphx-glr-footer-example

    .. container:: sphx-glr-download sphx-glr-download-jupyter

      :download:`Download Jupyter notebook: 1D_pfr_surfchem.ipynb <1D_pfr_surfchem.ipynb>`

    .. container:: sphx-glr-download sphx-glr-download-python

      :download:`Download Python source code: 1D_pfr_surfchem.py <1D_pfr_surfchem.py>`

    .. container:: sphx-glr-download sphx-glr-download-zip

      :download:`Download zipped: 1D_pfr_surfchem.zip <1D_pfr_surfchem.zip>`


.. only:: html

 .. rst-class:: sphx-glr-signature

    `Gallery generated by Sphinx-Gallery <https://sphinx-gallery.github.io>`_
